LNaive,0,0.01,0,0,1,0.0006894543027764488
LNaive,0,0.01,0,0,2,0.0006892481080049695
LNaive,0,0.01,0,0,3,0.0011221625901486343
LNaive,0,0.01,0,0,4,0.00034824195711347095
LNaive,0,0.01,0,1,1,0.00128195037035006
LNaive,0,0.01,0,1,2,0.0003840613468949483
LNaive,0,0.01,0,1,3,0.0007605838731092884
LNaive,0,0.01,0,1,4,0.0002936795415929838
LNaive,0,0.01,0,2,1,0.00021434852423285466
LNaive,0,0.01,0,2,2,0.00038881382388122887
LNaive,0,0.01,0,2,3,0.0009755342984838489
LNaive,0,0.01,0,2,4,0.0007608535622590784
LNaive,0,0.01,0,3,1,0.00044350728419573215
LNaive,0,0.01,0,3,2,0.0003410061564834699
LNaive,0,0.01,0,3,3,0.0003898294949246095
LNaive,0,0.01,0,3,4,0.00016653991846671268
LNaive,0,0.01,1,0,1,0.00014346218676575262
LNaive,0,0.01,1,0,2,0.00017487016042050385
LNaive,0,0.01,1,0,3,0.0004056861682311119
LNaive,0,0.01,1,0,4,0.00044842592040816864
LNaive,0,0.01,1,1,1,0.00027793669586873015
LNaive,0,0.01,1,1,2,0.00011223475054111809
LNaive,0,0.01,1,1,3,0.00013860045967173384
LNaive,0,0.01,1,1,4,0.0009409905107009564
LNaive,0,0.01,1,2,1,2.421509525252219e-05
LNaive,0,0.01,1,2,2,4.769855763242514e-05
LNaive,0,0.01,1,2,3,0.0008785295453002107
LNaive,0,0.01,1,2,4,0.000872091702545541
LNaive,0,0.01,1,3,1,0.000798848618250636
LNaive,0,0.01,1,3,2,0.0006276610556170681
LNaive,0,0.01,1,3,3,0.0002016129040330883
LNaive,0,0.01,1,3,4,0.00035121338675292435
LNaive,0,0.01,2,0,1,0.00010711198733481808
LNaive,0,0.01,2,0,2,0.0003638732625301788
LNaive,0,0.01,2,0,3,0.00084539973080755
LNaive,0,0.01,2,0,4,0.000151114083089543
LNaive,0,0.01,2,1,1,0.00022842691903068868
LNaive,0,0.01,2,1,2,0.00046624560712771324
LNaive,0,0.01,2,1,3,0.0001463631956191147
LNaive,0,0.01,2,1,4,0.0005018568270398482
LNaive,0,0.01,2,2,1,0.0006439803816045142
LNaive,0,0.01,2,2,2,5.153133525359621e-05
LNaive,0,0.01,2,2,3,0.00037117530326535864
LNaive,0,0.01,2,2,4,0.000532297065337306
LNaive,0,0.01,2,3,1,0.0005978534709072392
LNaive,0,0.01,2,3,2,0.0009673951840307726
LNaive,0,0.01,2,3,3,0.0009042650456677626
LNaive,0,0.01,2,3,4,0.00024925689314325705
LNaive,0,0.01,3,0,1,0.00022622511496805942
LNaive,0,0.01,3,0,2,0.0005001266931010662
LNaive,0,0.01,3,0,3,0.00019538725312484573
LNaive,0,0.01,3,0,4,4.7507205180208345e-05
LNaive,0,0.01,3,1,1,0.00036595336803313394
LNaive,0,0.01,3,1,2,4.80170747954034e-05
LNaive,0,0.01,3,1,3,4.259795256666976e-05
LNaive,0,0.01,3,1,4,0.000776260321993183
LNaive,0,0.01,3,2,1,0.0003935182669312365
LNaive,0,0.01,3,2,2,0.0002881176657298923
LNaive,0,0.01,3,2,3,0.00010636696809118718
LNaive,0,0.01,3,2,4,0.0008317049243160568
LNaive,0,0.01,3,3,1,0.00019032857663325853
LNaive,0,0.01,3,3,2,0.00024097789072408116
LNaive,0,0.01,3,3,3,0.0004899222239769241
LNaive,0,0.01,3,3,4,0.0006318053158644865
LNaive,0,0.01,4,0,1,0.00032143471111245603
LNaive,0,0.01,4,0,2,0.0004661435823665183
LNaive,0,0.01,4,0,3,0.00131142919220828
LNaive,0,0.01,4,0,4,0.0007614009763834417
LNaive,0,0.01,4,1,1,0.00024333279482080528
LNaive,0,0.01,4,1,2,0.001310844555562074
LNaive,0,0.01,4,1,3,0.00016083733554839164
LNaive,0,0.01,4,1,4,0.0002969523215041736
LNaive,0,0.01,4,2,1,0.0005924532287246986
LNaive,0,0.01,4,2,2,0.00045016106595785477
LNaive,0,0.01,4,2,3,0.00038207602894213544
LNaive,0,0.01,4,2,4,0.0006044822975733721
LNaive,0,0.01,4,3,1,0.00015949727893582732
LNaive,0,0.01,4,3,2,0.0013401968862638558
LNaive,0,0.01,4,3,3,0.00042676622799420194
LNaive,0,0.01,4,3,4,0.0005469302585519031
LNaive,1,0.02,0,0,1,0.0004904056210399688
LNaive,1,0.02,0,0,2,3.373335638412467e-05
LNaive,1,0.02,0,0,3,0.0002529846027330418
LNaive,1,0.02,0,0,4,0.0013089998907311884
LNaive,1,0.02,0,1,1,0.0006028534501512084
LNaive,1,0.02,0,1,2,0.0005006948444932213
LNaive,1,0.02,0,1,3,0.0006142789614594912
LNaive,1,0.02,0,1,4,0.0005591606448646091
LNaive,1,0.02,0,2,1,6.327685256701798e-05
LNaive,1,0.02,0,2,2,8.669422517804115e-05
LNaive,1,0.02,0,2,3,4.834168724165977e-05
LNaive,1,0.02,0,2,4,0.0012642085464440456
LNaive,1,0.02,0,3,1,0.0004963798848569567
LNaive,1,0.02,0,3,2,0.00013132300401896835
LNaive,1,0.02,0,3,3,0.000336599786779912
LNaive,1,0.02,0,3,4,0.0006869929774320216
LNaive,1,0.02,1,0,1,0.00014740785965272618
LNaive,1,0.02,1,0,2,0.0006013714265635794
LNaive,1,0.02,1,0,3,0.0010260215851319865
LNaive,1,0.02,1,0,4,0.0010311984511948147
LNaive,1,0.02,1,1,1,7.153282007366091e-05
LNaive,1,0.02,1,1,2,5.174554198017489e-06
LNaive,1,0.02,1,1,3,0.00013242006896074798
LNaive,1,0.02,1,1,4,0.0008580176390444727
LNaive,1,0.02,1,2,1,8.783119586208699e-05
LNaive,1,0.02,1,2,2,7.960264839423914e-05
LNaive,1,0.02,1,2,3,8.413378446747721e-05
LNaive,1,0.02,1,2,4,0.00045835002769467614
LNaive,1,0.02,1,3,1,0.0001450834356367947
LNaive,1,0.02,1,3,2,0.00029706832814668793
LNaive,1,0.02,1,3,3,0.00016156830219138385
LNaive,1,0.02,1,3,4,0.00016818751646807684
LNaive,1,0.02,2,0,1,0.0007215915216440827
LNaive,1,0.02,2,0,2,0.00010573823053783293
LNaive,1,0.02,2,0,3,5.868611642090293e-06
LNaive,1,0.02,2,0,4,3.2733177558919024e-05
LNaive,1,0.02,2,1,1,0.0006383934169336136
LNaive,1,0.02,2,1,2,0.0003515231357875681
LNaive,1,0.02,2,1,3,0.00047805786007715234
LNaive,1,0.02,2,1,4,0.00014167080478910687
LNaive,1,0.02,2,2,1,9.48855097246959e-05
LNaive,1,0.02,2,2,2,0.00041260921702090947
LNaive,1,0.02,2,2,3,0.00115942538537106
LNaive,1,0.02,2,2,4,0.0002407533203617751
LNaive,1,0.02,2,3,1,0.00030849182476000436
LNaive,1,0.02,2,3,2,0.00043460576864806644
LNaive,1,0.02,2,3,3,0.0009805725882952032
LNaive,1,0.02,2,3,4,0.0008595139178972921
LNaive,1,0.02,3,0,1,0.00041194613940565006
LNaive,1,0.02,3,0,2,0.00032176895212021606
LNaive,1,0.02,3,0,3,0.0001573562638260695
LNaive,1,0.02,3,0,4,0.00017307264790455967
LNaive,1,0.02,3,1,1,0.0002452772318934926
LNaive,1,0.02,3,1,2,2.6044745244035994e-05
LNaive,1,0.02,3,1,3,0.00034186614229136936
LNaive,1,0.02,3,1,4,0.0003921773537045592
LNaive,1,0.02,3,2,1,0.00026844632443756566
LNaive,1,0.02,3,2,2,0.00036211158433474555
LNaive,1,0.02,3,2,3,0.0009568036155519488
LNaive,1,0.02,3,2,4,0.00011227082343590045
LNaive,1,0.02,3,3,1,0.00033954946462633195
LNaive,1,0.02,3,3,2,0.0004838993013889237
LNaive,1,0.02,3,3,3,0.0002174970441151114
LNaive,1,0.02,3,3,4,0.0009092428373319583
LNaive,1,0.02,4,0,1,0.0005624700156161566
LNaive,1,0.02,4,0,2,0.00018108970288921444
LNaive,1,0.02,4,0,3,0.0009710842132480968
LNaive,1,0.02,4,0,4,0.0004332570195789698
LNaive,1,0.02,4,1,1,0.00020988175435143752
LNaive,1,0.02,4,1,2,0.001083320750015715
LNaive,1,0.02,4,1,3,1.6441521343613097e-05
LNaive,1,0.02,4,1,4,0.0008844190895515025
LNaive,1,0.02,4,2,1,0.0005497355396073544
LNaive,1,0.02,4,2,2,0.00022620624541269674
LNaive,1,0.02,4,2,3,3.219894951600466e-05
LNaive,1,0.02,4,2,4,0.0025340310416890333
LNaive,1,0.02,4,3,1,0.0007338461228887372
LNaive,1,0.02,4,3,2,0.00028302599581953025
LNaive,1,0.02,4,3,3,6.603760003942583e-05
LNaive,1,0.02,4,3,4,0.0008734100880520845
LNaive,2,0.05,0,0,1,2.0881546825002317e-05
LNaive,2,0.05,0,0,2,0.0004673089080985404
LNaive,2,0.05,0,0,3,0.0007552448233084652
LNaive,2,0.05,0,0,4,0.0021242521485663746
LNaive,2,0.05,0,1,1,0.00027886286710399055
LNaive,2,0.05,0,1,2,0.00022478301526607236
LNaive,2,0.05,0,1,3,0.00013775586255748706
LNaive,2,0.05,0,1,4,0.0010665054120447826
LNaive,2,0.05,0,2,1,0.00035312153157662785
LNaive,2,0.05,0,2,2,0.0008724597753744234
LNaive,2,0.05,0,2,3,0.0010961265005217102
LNaive,2,0.05,0,2,4,0.0012987879684943637
LNaive,2,0.05,0,3,1,0.00018608596631741747
LNaive,2,0.05,0,3,2,3.416728186778073e-05
LNaive,2,0.05,0,3,3,0.0001299224195735471
LNaive,2,0.05,0,3,4,0.0016856991748951389
LNaive,2,0.05,1,0,1,0.0003935454092833801
LNaive,2,0.05,1,0,2,0.00021903790158583902
LNaive,2,0.05,1,0,3,0.0015350358898972294
LNaive,2,0.05,1,0,4,1.1338605808597357e-05
LNaive,2,0.05,1,1,1,8.264308881900106e-06
LNaive,2,0.05,1,1,2,0.0008182495811135393
LNaive,2,0.05,1,1,3,5.6363629731603915e-05
LNaive,2,0.05,1,1,4,0.0009111705117293978
LNaive,2,0.05,1,2,1,0.00011011947027661506
LNaive,2,0.05,1,2,2,0.0001621599732088974
LNaive,2,0.05,1,2,3,0.0017710110301462079
LNaive,2,0.05,1,2,4,0.0009112428182428411
LNaive,2,0.05,1,3,1,0.0008347739506081586
LNaive,2,0.05,1,3,2,0.00043478492805082425
LNaive,2,0.05,1,3,3,0.001133204452376968
LNaive,2,0.05,1,3,4,0.001980982694144373
LNaive,2,0.05,2,0,1,0.0003794360071989189
LNaive,2,0.05,2,0,2,0.0005658814539560852
LNaive,2,0.05,2,0,3,0.0008453684579795562
LNaive,2,0.05,2,0,4,0.0023299893869780375
LNaive,2,0.05,2,1,1,0.00030237983225167575
LNaive,2,0.05,2,1,2,0.00032706055129838596
LNaive,2,0.05,2,1,3,0.0014037544748144448
LNaive,2,0.05,2,1,4,0.0019285684618611798
LNaive,2,0.05,2,2,1,8.983869846712622e-06
LNaive,2,0.05,2,2,2,0.0008603957463390044
LNaive,2,0.05,2,2,3,0.00036759338038994116
LNaive,2,0.05,2,2,4,0.0010923639091878767
LNaive,2,0.05,2,3,1,0.00024226785821102048
LNaive,2,0.05,2,3,2,7.766152277577376e-05
LNaive,2,0.05,2,3,3,0.0008448394491941125
LNaive,2,0.05,2,3,4,0.0035764044752790713
LNaive,2,0.05,3,0,1,7.852602876301518e-05
LNaive,2,0.05,3,0,2,0.0011290796343499387
LNaive,2,0.05,3,0,3,4.742663454659901e-05
LNaive,2,0.05,3,0,4,0.0029315786351021833
LNaive,2,0.05,3,1,1,0.0006512226075887639
LNaive,2,0.05,3,1,2,4.9380482317396e-05
LNaive,2,0.05,3,1,3,0.0005780774218731022
LNaive,2,0.05,3,1,4,0.0013896446305824428
LNaive,2,0.05,3,2,1,0.00036325421520411183
LNaive,2,0.05,3,2,2,0.0006812605012913586
LNaive,2,0.05,3,2,3,0.00015339008051429293
LNaive,2,0.05,3,2,4,0.0001168436002855211
LNaive,2,0.05,3,3,1,0.0009313685345770928
LNaive,2,0.05,3,3,2,0.0015673494681225364
LNaive,2,0.05,3,3,3,0.0002422177364908018
LNaive,2,0.05,3,3,4,0.0017218507619541912
LNaive,2,0.05,4,0,1,3.608365196594576e-05
LNaive,2,0.05,4,0,2,0.0008925854135304334
LNaive,2,0.05,4,0,3,0.0003221831860263924
LNaive,2,0.05,4,0,4,0.002926515317778322
LNaive,2,0.05,4,1,1,2.185138719745794e-05
LNaive,2,0.05,4,1,2,0.001010091445139416
LNaive,2,0.05,4,1,3,0.0017925210156878313
LNaive,2,0.05,4,1,4,0.0024194836480132542
LNaive,2,0.05,4,2,1,0.00034573462910003627
LNaive,2,0.05,4,2,2,0.0014830098278175718
LNaive,2,0.05,4,2,3,0.00031279549996088285
LNaive,2,0.05,4,2,4,0.0019305527373275622
LNaive,2,0.05,4,3,1,7.175310498208631e-05
LNaive,2,0.05,4,3,2,0.0006438157826182955
LNaive,2,0.05,4,3,3,0.0001260555589988055
LNaive,2,0.05,4,3,4,0.0006325408691506551
LNaive,3,0.1,0,0,1,0.0002999189266659208
LNaive,3,0.1,0,0,2,0.002032887579081377
LNaive,3,0.1,0,0,3,0.002868924613380508
LNaive,3,0.1,0,0,4,0.0026656970326499607
LNaive,3,0.1,0,1,1,0.0006281278991293604
LNaive,3,0.1,0,1,2,0.00014656067511953363
LNaive,3,0.1,0,1,3,0.003713498027231532
LNaive,3,0.1,0,1,4,0.00995293548007492
LNaive,3,0.1,0,2,1,0.000397530352373332
LNaive,3,0.1,0,2,2,0.0025292029618032563
LNaive,3,0.1,0,2,3,0.002342397532651641
LNaive,3,0.1,0,2,4,0.01388489534819315
LNaive,3,0.1,0,3,1,0.0008235092956906387
LNaive,3,0.1,0,3,2,0.001882433069051781
LNaive,3,0.1,0,3,3,0.00806815841803843
LNaive,3,0.1,0,3,4,0.006311739871914135
LNaive,3,0.1,1,0,1,0.0015312226624506486
LNaive,3,0.1,1,0,2,0.0009351468984620803
LNaive,3,0.1,1,0,3,0.0038557928102223027
LNaive,3,0.1,1,0,4,0.029631255333054662
LNaive,3,0.1,1,1,1,7.2898170970780996e-06
LNaive,3,0.1,1,1,2,0.0013679849006773548
LNaive,3,0.1,1,1,3,0.0024906380929571315
LNaive,3,0.1,1,1,4,0.012603243415590049
LNaive,3,0.1,1,2,1,0.0001440841912997426
LNaive,3,0.1,1,2,2,0.0006324312987093794
LNaive,3,0.1,1,2,3,0.0012937040683302925
LNaive,3,0.1,1,2,4,0.008817133669537736
LNaive,3,0.1,1,3,1,0.00010061134844141506
LNaive,3,0.1,1,3,2,0.0015760602144249125
LNaive,3,0.1,1,3,3,0.0011763113173668405
LNaive,3,0.1,1,3,4,0.015492104759982528
LNaive,3,0.1,2,0,1,0.0003896950146726752
LNaive,3,0.1,2,0,2,0.0012803148431050904
LNaive,3,0.1,2,0,3,0.0005691907361006221
LNaive,3,0.1,2,0,4,0.008208994036292383
LNaive,3,0.1,2,1,1,0.00034865147048668277
LNaive,3,0.1,2,1,2,0.0021424345841523085
LNaive,3,0.1,2,1,3,0.004181040242559053
LNaive,3,0.1,2,1,4,0.001850045960193114
LNaive,3,0.1,2,2,1,0.0009009672417146231
LNaive,3,0.1,2,2,2,0.00300024038618385
LNaive,3,0.1,2,2,3,0.004985072149266578
LNaive,3,0.1,2,2,4,0.02316756808512599
LNaive,3,0.1,2,3,1,0.0003901674597894811
LNaive,3,0.1,2,3,2,8.291888118161506e-05
LNaive,3,0.1,2,3,3,0.0009387953915711567
LNaive,3,0.1,2,3,4,0.008116332083771938
LNaive,3,0.1,3,0,1,0.0003776029518438584
LNaive,3,0.1,3,0,2,0.000610786108111383
LNaive,3,0.1,3,0,3,0.0013134062104678268
LNaive,3,0.1,3,0,4,0.017371405087551972
LNaive,3,0.1,3,1,1,0.00019366773434481566
LNaive,3,0.1,3,1,2,0.0016169419460336787
LNaive,3,0.1,3,1,3,0.0001874112856472543
LNaive,3,0.1,3,1,4,0.012860097387079161
LNaive,3,0.1,3,2,1,0.0010738153436369302
LNaive,3,0.1,3,2,2,0.0013443452069960005
LNaive,3,0.1,3,2,3,0.00152648482087403
LNaive,3,0.1,3,2,4,0.007841640477070033
LNaive,3,0.1,3,3,1,0.0005461948030702768
LNaive,3,0.1,3,3,2,0.00017525583078858986
LNaive,3,0.1,3,3,3,0.0007075952616473202
LNaive,3,0.1,3,3,4,0.027303018640134402
LNaive,3,0.1,4,0,1,0.0001403231911709657
LNaive,3,0.1,4,0,2,0.00013344943421522704
LNaive,3,0.1,4,0,3,0.0023791548760749848
LNaive,3,0.1,4,0,4,0.001977001031459036
LNaive,3,0.1,4,1,1,0.00044251473696332866
LNaive,3,0.1,4,1,2,0.0030085927214590358
LNaive,3,0.1,4,1,3,0.0005556119081302491
LNaive,3,0.1,4,1,4,0.030300170216136957
LNaive,3,0.1,4,2,1,0.0005019780758412917
LNaive,3,0.1,4,2,2,0.000588935952169023
LNaive,3,0.1,4,2,3,0.0038223811784756645
LNaive,3,0.1,4,2,4,0.008211891268333549
LNaive,3,0.1,4,3,1,0.0011480678365454189
LNaive,3,0.1,4,3,2,0.00035132316116903706
LNaive,3,0.1,4,3,3,0.00134830453312762
LNaive,3,0.1,4,3,4,0.002055836035253167
Greedy,0,0.01,0,0,1,0.029770622763140464
Greedy,0,0.01,0,0,2,0.010238938816686138
Greedy,0,0.01,0,0,3,0.010255962199196
Greedy,0,0.01,0,0,4,0.009912240756446256
Greedy,0,0.01,0,1,1,0.031345164694084104
Greedy,0,0.01,0,1,2,0.01019714073604061
Greedy,0,0.01,0,1,3,0.01000311634066997
Greedy,0,0.01,0,1,4,0.009650885198595915
Greedy,0,0.01,0,2,1,0.030848586723127402
Greedy,0,0.01,0,2,2,0.010944504375919095
Greedy,0,0.01,0,2,3,0.011033241647435021
Greedy,0,0.01,0,2,4,0.010876167575913476
Greedy,0,0.01,0,3,1,0.02884884052891168
Greedy,0,0.01,0,3,2,0.008355932015010392
Greedy,0,0.01,0,3,3,0.009722406828657215
Greedy,0,0.01,0,3,4,0.008943197084291699
Greedy,0,0.01,1,0,1,0.030112109229290418
Greedy,0,0.01,1,0,2,0.011068617008881398
Greedy,0,0.01,1,0,3,0.009769427447766321
Greedy,0,0.01,1,0,4,0.008319683696535796
Greedy,0,0.01,1,1,1,0.030094214613224146
Greedy,0,0.01,1,1,2,0.010507108913436536
Greedy,0,0.01,1,1,3,0.00974705532208775
Greedy,0,0.01,1,1,4,0.010328890000764646
Greedy,0,0.01,1,2,1,0.0290010541250163
Greedy,0,0.01,1,2,2,0.009267951927243834
Greedy,0,0.01,1,2,3,0.009306442006783766
Greedy,0,0.01,1,2,4,0.010949810146421601
Greedy,0,0.01,1,3,1,0.027435273081539258
Greedy,0,0.01,1,3,2,0.008568336596818327
Greedy,0,0.01,1,3,3,0.01063016389917959
Greedy,0,0.01,1,3,4,0.010062204003235431
Greedy,0,0.01,2,0,1,0.02969303269301593
Greedy,0,0.01,2,0,2,0.00979077090588898
Greedy,0,0.01,2,0,3,0.010198742259199478
Greedy,0,0.01,2,0,4,0.010464401017635794
Greedy,0,0.01,2,1,1,0.02959993303806996
Greedy,0,0.01,2,1,2,0.010322030420590655
Greedy,0,0.01,2,1,3,0.010119157924679878
Greedy,0,0.01,2,1,4,0.009591915655138394
Greedy,0,0.01,2,2,1,0.029669684785356698
Greedy,0,0.01,2,2,2,0.009400380542008202
Greedy,0,0.01,2,2,3,0.006697138296557492
Greedy,0,0.01,2,2,4,0.006332929230099649
Greedy,0,0.01,2,3,1,0.03014932163841444
Greedy,0,0.01,2,3,2,0.009665861590997915
Greedy,0,0.01,2,3,3,0.010753001941858353
Greedy,0,0.01,2,3,4,0.009395458126727041
Greedy,0,0.01,3,0,1,0.03011825793677203
Greedy,0,0.01,3,0,2,0.006716089587900376
Greedy,0,0.01,3,0,3,0.00990964932395677
Greedy,0,0.01,3,0,4,0.011446753236033835
Greedy,0,0.01,3,1,1,0.03046129080566229
Greedy,0,0.01,3,1,2,0.008323441608391713
Greedy,0,0.01,3,1,3,0.009226228580332174
Greedy,0,0.01,3,1,4,0.010283924382272547
Greedy,0,0.01,3,2,1,0.029746504758117576
Greedy,0,0.01,3,2,2,0.009949653846860196
Greedy,0,0.01,3,2,3,0.009852628738269198
Greedy,0,0.01,3,2,4,0.009770307232452313
Greedy,0,0.01,3,3,1,0.03019590460276822
Greedy,0,0.01,3,3,2,0.00873346258661789
Greedy,0,0.01,3,3,3,0.008707011901446737
Greedy,0,0.01,3,3,4,0.008407532071057933
Greedy,0,0.01,4,0,1,0.030716737857821474
Greedy,0,0.01,4,0,2,0.008982881878766502
Greedy,0,0.01,4,0,3,0.00950209044253425
Greedy,0,0.01,4,0,4,0.009819485192562372
Greedy,0,0.01,4,1,1,0.03165269125128667
Greedy,0,0.01,4,1,2,0.009548467657837678
Greedy,0,0.01,4,1,3,0.008448098773368162
Greedy,0,0.01,4,1,4,0.010662990377300785
Greedy,0,0.01,4,2,1,0.030131261546415766
Greedy,0,0.01,4,2,2,0.010194276598652907
Greedy,0,0.01,4,2,3,0.00996732824976121
Greedy,0,0.01,4,2,4,0.009918085918987463
Greedy,0,0.01,4,3,1,0.030376928613619958
Greedy,0,0.01,4,3,2,0.010370784757825824
Greedy,0,0.01,4,3,3,0.009729916743399292
Greedy,0,0.01,4,3,4,0.010574687980512865
Greedy,1,0.02,0,0,1,0.06003927605502635
Greedy,1,0.02,0,0,2,0.019881940048611546
Greedy,1,0.02,0,0,3,0.02025154836344445
Greedy,1,0.02,0,0,4,0.020255280744704507
Greedy,1,0.02,0,1,1,0.05999073788914622
Greedy,1,0.02,0,1,2,0.02055122633144979
Greedy,1,0.02,0,1,3,0.01913207625490898
Greedy,1,0.02,0,1,4,0.021297629233327564
Greedy,1,0.02,0,2,1,0.059998558263437474
Greedy,1,0.02,0,2,2,0.019676872866724593
Greedy,1,0.02,0,2,3,0.020500860661861964
Greedy,1,0.02,0,2,4,0.01931110827753768
Greedy,1,0.02,0,3,1,0.058197501181867506
Greedy,1,0.02,0,3,2,0.02100768683020804
Greedy,1,0.02,0,3,3,0.021081249477951203
Greedy,1,0.02,0,3,4,0.020270394931578117
Greedy,1,0.02,1,0,1,0.059970858694128104
Greedy,1,0.02,1,0,2,0.021340418730408484
Greedy,1,0.02,1,0,3,0.018710625501195288
Greedy,1,0.02,1,0,4,0.020165372125384717
Greedy,1,0.02,1,1,1,0.060276594028262465
Greedy,1,0.02,1,1,2,0.01983703247655777
Greedy,1,0.02,1,1,3,0.020416644312161614
Greedy,1,0.02,1,1,4,0.0198833997890977
Greedy,1,0.02,1,2,1,0.06053991240020318
Greedy,1,0.02,1,2,2,0.019379022956758973
Greedy,1,0.02,1,2,3,0.019743944646170353
Greedy,1,0.02,1,2,4,0.01948631405355128
Greedy,1,0.02,1,3,1,0.057628016758533795
Greedy,1,0.02,1,3,2,0.020462636904617915
Greedy,1,0.02,1,3,3,0.019495875615878844
Greedy,1,0.02,1,3,4,0.018509572967881582
Greedy,1,0.02,2,0,1,0.06086965153609425
Greedy,1,0.02,2,0,2,0.019296813490692344
Greedy,1,0.02,2,0,3,0.020693571170599445
Greedy,1,0.02,2,0,4,0.019654930122326553
Greedy,1,0.02,2,1,1,0.05966093090952962
Greedy,1,0.02,2,1,2,0.020346989854640007
Greedy,1,0.02,2,1,3,0.019617059051053154
Greedy,1,0.02,2,1,4,0.020510912986418606
Greedy,1,0.02,2,2,1,0.06290543919230207
Greedy,1,0.02,2,2,2,0.021430799456634064
Greedy,1,0.02,2,2,3,0.019403948968230278
Greedy,1,0.02,2,2,4,0.02088904843045769
Greedy,1,0.02,2,3,1,0.05851166755904891
Greedy,1,0.02,2,3,2,0.018996441729985047
Greedy,1,0.02,2,3,3,0.019755532649445406
Greedy,1,0.02,2,3,4,0.019033720867145165
Greedy,1,0.02,3,0,1,0.06154963016922266
Greedy,1,0.02,3,0,2,0.01975243436647045
Greedy,1,0.02,3,0,3,0.019746395933182948
Greedy,1,0.02,3,0,4,0.022036681549117976
Greedy,1,0.02,3,1,1,0.060455602038363754
Greedy,1,0.02,3,1,2,0.019131023655823975
Greedy,1,0.02,3,1,3,0.02113366780032422
Greedy,1,0.02,3,1,4,0.0200856616456635
Greedy,1,0.02,3,2,1,0.058990833347655425
Greedy,1,0.02,3,2,2,0.019606734003358217
Greedy,1,0.02,3,2,3,0.01956643785848189
Greedy,1,0.02,3,2,4,0.020468901126164285
Greedy,1,0.02,3,3,1,0.060367644443734325
Greedy,1,0.02,3,3,2,0.020345766955352396
Greedy,1,0.02,3,3,3,0.020852675809729826
Greedy,1,0.02,3,3,4,0.021212308063317087
Greedy,1,0.02,4,0,1,0.057823937272091896
Greedy,1,0.02,4,0,2,0.020700714458954605
Greedy,1,0.02,4,0,3,0.018625724176589697
Greedy,1,0.02,4,0,4,0.01936484685807116
Greedy,1,0.02,4,1,1,0.06068777156584082
Greedy,1,0.02,4,1,2,0.020268104869284542
Greedy,1,0.02,4,1,3,0.020312015315438914
Greedy,1,0.02,4,1,4,0.019493911855574586
Greedy,1,0.02,4,2,1,0.060005001719359075
Greedy,1,0.02,4,2,2,0.02017522541778005
Greedy,1,0.02,4,2,3,0.020400792236337173
Greedy,1,0.02,4,2,4,0.02026247511154966
Greedy,1,0.02,4,3,1,0.06005516911869724
Greedy,1,0.02,4,3,2,0.019702265953268516
Greedy,1,0.02,4,3,3,0.020357972778509703
Greedy,1,0.02,4,3,4,0.020143742005906518
Greedy,2,0.05,0,0,1,0.1562049624584525
Greedy,2,0.05,0,0,2,0.050115018369105035
Greedy,2,0.05,0,0,3,0.049520709962112
Greedy,2,0.05,0,0,4,0.05027782931152147
Greedy,2,0.05,0,1,1,0.1495185952944813
Greedy,2,0.05,0,1,2,0.05010662737269933
Greedy,2,0.05,0,1,3,0.04963390760814057
Greedy,2,0.05,0,1,4,0.04841970269722451
Greedy,2,0.05,0,2,1,0.15234564536017148
Greedy,2,0.05,0,2,2,0.050455088310475515
Greedy,2,0.05,0,2,3,0.049490566329106755
Greedy,2,0.05,0,2,4,0.05006619918843269
Greedy,2,0.05,0,3,1,0.1532495795109199
Greedy,2,0.05,0,3,2,0.05146989684045589
Greedy,2,0.05,0,3,3,0.05239995438766809
Greedy,2,0.05,0,3,4,0.05012114740147633
Greedy,2,0.05,1,0,1,0.15441409885742652
Greedy,2,0.05,1,0,2,0.05000435481798027
Greedy,2,0.05,1,0,3,0.05079559303365955
Greedy,2,0.05,1,0,4,0.05145854621980572
Greedy,2,0.05,1,1,1,0.14849883038693368
Greedy,2,0.05,1,1,2,0.049582245718912454
Greedy,2,0.05,1,1,3,0.04947025686899542
Greedy,2,0.05,1,1,4,0.0515550652339114
Greedy,2,0.05,1,2,1,0.1549865757217539
Greedy,2,0.05,1,2,2,0.0499364340661661
Greedy,2,0.05,1,2,3,0.05000033841092322
Greedy,2,0.05,1,2,4,0.05271645787272783
Greedy,2,0.05,1,3,1,0.14926508256858073
Greedy,2,0.05,1,3,2,0.05140880572576889
Greedy,2,0.05,1,3,3,0.051209202112688756
Greedy,2,0.05,1,3,4,0.04945181570842383
Greedy,2,0.05,2,0,1,0.14556864975889505
Greedy,2,0.05,2,0,2,0.049795530233601726
Greedy,2,0.05,2,0,3,0.04984287928884179
Greedy,2,0.05,2,0,4,0.048423195885319736
Greedy,2,0.05,2,1,1,0.15211913498451068
Greedy,2,0.05,2,1,2,0.050418893395405284
Greedy,2,0.05,2,1,3,0.05015592781482692
Greedy,2,0.05,2,1,4,0.05221927798109205
Greedy,2,0.05,2,2,1,0.13772672330652402
Greedy,2,0.05,2,2,2,0.04874482611177944
Greedy,2,0.05,2,2,3,0.047501604847953405
Greedy,2,0.05,2,2,4,0.052867389752092264
Greedy,2,0.05,2,3,1,0.16434550106061674
Greedy,2,0.05,2,3,2,0.050236090682304946
Greedy,2,0.05,2,3,3,0.04976687351711295
Greedy,2,0.05,2,3,4,0.050471500281389026
Greedy,2,0.05,3,0,1,0.13498985379038975
Greedy,2,0.05,3,0,2,0.050939519766340924
Greedy,2,0.05,3,0,3,0.04765012443087213
Greedy,2,0.05,3,0,4,0.051586048816623875
Greedy,2,0.05,3,1,1,0.14835925691558804
Greedy,2,0.05,3,1,2,0.05032720006006497
Greedy,2,0.05,3,1,3,0.049769619083255945
Greedy,2,0.05,3,1,4,0.04942924254980796
Greedy,2,0.05,3,2,1,0.15467968767227436
Greedy,2,0.05,3,2,2,0.04949047919489091
Greedy,2,0.05,3,2,3,0.050065975227993165
Greedy,2,0.05,3,2,4,0.052497939720627884
Greedy,2,0.05,3,3,1,0.15543651064508612
Greedy,2,0.05,3,3,2,0.049665323713521836
Greedy,2,0.05,3,3,3,0.05077877784285911
Greedy,2,0.05,3,3,4,0.04812851743989055
Greedy,2,0.05,4,0,1,0.14759394231992684
Greedy,2,0.05,4,0,2,0.050106037593377506
Greedy,2,0.05,4,0,3,0.05027067410803743
Greedy,2,0.05,4,0,4,0.05325158986722667
Greedy,2,0.05,4,1,1,0.15660937482557913
Greedy,2,0.05,4,1,2,0.04939119006743975
Greedy,2,0.05,4,1,3,0.04532196051676507
Greedy,2,0.05,4,1,4,0.0600628670835851
Greedy,2,0.05,4,2,1,0.14393645283875078
Greedy,2,0.05,4,2,2,0.050329271884729465
Greedy,2,0.05,4,2,3,0.048410695427262396
Greedy,2,0.05,4,2,4,0.05288596327447792
Greedy,2,0.05,4,3,1,0.14817306656952045
Greedy,2,0.05,4,3,2,0.05015154804313027
Greedy,2,0.05,4,3,3,0.0503537013437626
Greedy,2,0.05,4,3,4,0.05287819770760549
Greedy,3,0.1,0,0,1,0.3453159136764057
Greedy,3,0.1,0,0,2,0.09962661693274677
Greedy,3,0.1,0,0,3,0.10008956380001854
Greedy,3,0.1,0,0,4,0.11632185012408613
Greedy,3,0.1,0,1,1,0.2873273940713337
Greedy,3,0.1,0,1,2,0.09986017574710415
Greedy,3,0.1,0,1,3,0.10016236120987199
Greedy,3,0.1,0,1,4,0.10236765123077474
Greedy,3,0.1,0,2,1,0.28082049061847414
Greedy,3,0.1,0,2,2,0.099922938839485
Greedy,3,0.1,0,2,3,0.1040526023477607
Greedy,3,0.1,0,2,4,0.10909296093542786
Greedy,3,0.1,0,3,1,0.2902864520598065
Greedy,3,0.1,0,3,2,0.10043515239214418
Greedy,3,0.1,0,3,3,0.09858665411000489
Greedy,3,0.1,0,3,4,0.10670839721146685
Greedy,3,0.1,1,0,1,0.3104300358820836
Greedy,3,0.1,1,0,2,0.09884663911311964
Greedy,3,0.1,1,0,3,0.10003959711038846
Greedy,3,0.1,1,0,4,0.07316207784127982
Greedy,3,0.1,1,1,1,0.2705932070836139
Greedy,3,0.1,1,1,2,0.09973487615536547
Greedy,3,0.1,1,1,3,0.10158132216613491
Greedy,3,0.1,1,1,4,0.0776884382025711
Greedy,3,0.1,1,2,1,0.3567311834864798
Greedy,3,0.1,1,2,2,0.09925813855504073
Greedy,3,0.1,1,2,3,0.10007283088663743
Greedy,3,0.1,1,2,4,0.10250717954424993
Greedy,3,0.1,1,3,1,0.3196889104565831
Greedy,3,0.1,1,3,2,0.10037785283746403
Greedy,3,0.1,1,3,3,0.09738943040896353
Greedy,3,0.1,1,3,4,0.11829727151977609
Greedy,3,0.1,2,0,1,0.4996613001012882
Greedy,3,0.1,2,0,2,0.10029442480241213
Greedy,3,0.1,2,0,3,0.09931354973841433
Greedy,3,0.1,2,0,4,0.10156015592902934
Greedy,3,0.1,2,1,1,0.3090966059117024
Greedy,3,0.1,2,1,2,0.09996241711713727
Greedy,3,0.1,2,1,3,0.09596769767480784
Greedy,3,0.1,2,1,4,0.10567152409765601
Greedy,3,0.1,2,2,1,0.38403029324010995
Greedy,3,0.1,2,2,2,0.09998279184686065
Greedy,3,0.1,2,2,3,0.09998534174684903
Greedy,3,0.1,2,2,4,0.1069962574118265
Greedy,3,0.1,2,3,1,0.2927866142387485
Greedy,3,0.1,2,3,2,0.09976818199944193
Greedy,3,0.1,2,3,3,0.10271637948001566
Greedy,3,0.1,2,3,4,0.09460138297690146
Greedy,3,0.1,3,0,1,0.2985175324413467
Greedy,3,0.1,3,0,2,0.10083736693078371
Greedy,3,0.1,3,0,3,0.102409284835419
Greedy,3,0.1,3,0,4,0.09515582077793328
Greedy,3,0.1,3,1,1,0.26724957715412834
Greedy,3,0.1,3,1,2,0.10091361617581229
Greedy,3,0.1,3,1,3,0.10187508110161247
Greedy,3,0.1,3,1,4,0.11199631081644257
Greedy,3,0.1,3,2,1,0.298461797736408
Greedy,3,0.1,3,2,2,0.10009133192492248
Greedy,3,0.1,3,2,3,0.10025633773801557
Greedy,3,0.1,3,2,4,0.08143207280606224
Greedy,3,0.1,3,3,1,0.32781674836064423
Greedy,3,0.1,3,3,2,0.10114027428658579
Greedy,3,0.1,3,3,3,0.10245869258497486
Greedy,3,0.1,3,3,4,0.10727948495970296
Greedy,3,0.1,4,0,1,0.25439633772553427
Greedy,3,0.1,4,0,2,0.0997216637510624
Greedy,3,0.1,4,0,3,0.09932777046751307
Greedy,3,0.1,4,0,4,0.10047599732874213
Greedy,3,0.1,4,1,1,0.3191492901955033
Greedy,3,0.1,4,1,2,0.10023089444716737
Greedy,3,0.1,4,1,3,0.10163362809007703
Greedy,3,0.1,4,1,4,0.0904230297365074
Greedy,3,0.1,4,2,1,0.27605612104689126
Greedy,3,0.1,4,2,2,0.09964755026937067
Greedy,3,0.1,4,2,3,0.09844320734111
Greedy,3,0.1,4,2,4,0.07335209506237328
Greedy,3,0.1,4,3,1,0.3610667838789059
Greedy,3,0.1,4,3,2,0.1004586956708663
Greedy,3,0.1,4,3,3,0.10275881811244258
Greedy,3,0.1,4,3,4,0.09781954184349373
